$ANSIBLE_VAULT;1.1;AES256
35383562663533303664343063363365346465353561633163653163623039313733316637623432
3038633431353831386231393136363363653039303532660a663839633036386361343834313864
36313333313535336337393164613634363265353037376631393966643536643266626535323230
6363346164393263300a303738353364316561663661666137356637356438343738383363316638
66626462306637353532363763333237393731313132343035353665326135353430643434623365
32383538323535376330356136323532663363316233333537396333346166306338646263336632
65336139383261653039343761643439626139313834646562666635646438343331646264613434
63356134613139363438343036366333383231613364663039336466626439303830386464633939
36346563323863356133356432643530373230313135633936313964633432633633366465316131
36623535383761303738343361323338333438356366313062303264646235623865653739623034
65323862376237663637396662656536313337323362613937363033333561633935633266343035
31363661343535376230363430666463626335623838663336663265353135366535633837363664
35633735333263303164326136666364386233306533363164646232356234363766323533363038
62373732623336333639393562356635326539306261633732623564646335393634313037313132
30636336363435373137323632393230366332363232663463643430393366636365346165613631
35313266393730333761623864633937383931316262303130303631316131396334626666663939
61386466646666643435656339666338373663613363373962346665346564306433643932626639
31323134333562343937613437383633316437616164393362333635323732373566313035313862
30636635623530303136346338356364353838666131626131613236386364623637376238653235
36316437343238626232663736366232646233343762356164626234613836356233336136323137
62323831326466653862376464383434346131366634366538353862363834663039653738316563
66346336326561643631306530353838393239333031623264306133323133303263323633346636
34353138343134323030636466313531323161393461396635666235363431616264383836613134
66316163343632616338303362356138336164373234633531643563306239356336656466613733
65663662656336313735336234613661633361643539393231643836663064313233316366333436
36363461373261326566306263643038363033613865316230333632663232633535383365303535
37333462306330666663383962383065653735663833616161303639346566363434376332643963
31386130633662643039393163313436666130383138373538343464666237386564323262663164
30666637646131376139386131663562323364643039356134366665666466326238346162346533
33366130656538663262653331373434333963666634366332333332323965663938373030323965
35393936366134643365376230336462633464386436313732656434353630373532306363666366
36663839383931626362613838316632396638313236616234313335346562346262343133376432
32656537313138633061313735636139306530663134623331663637626237353931376466343465
33636564653062383566323565613434663338396565303663643439373563376262393539336433
65643832393934396531343636653864353138313939353039613633386636663530306638316637
61313130626339333665303732626566333262636164303663383863323964313936333866386635
34336230353262353461373436663166653763333332646236313561663332373164326664333566
63393863336161633333306531396363386430393862326565613964616134366564643331666361
36383036363934383630343036656562646432393433643338323833343666636465386233343237
33353738333234373762363233306631323830666565663230643732383635653139643463343966
62663637376165363230613766303835623135393335636263386134353363373666336133396632
39336565316238336131316463376336666131376335333162626538623662323439313065306265
32323365333637323663373666356235373735356338366634376530383062323763656361363365
66643535633133633562343866303539383863653338393234666130623061303662633663396165
63373730646564663465333164663237363439373834346463613235343432323761336365383262
64373033333338646235346465633163396336393364623464653763396238333731343966376433
31343731323461313132393339306234333962633433616633353161626262353462323263316134
61613133303334333735333563653036373465366561336563363565376234336534346538363661
31653533313434383762363734383766656666613338373863323962353433653064646163316466
36613838323135346334616334633638363165626538323537663936396231303838386632656135
63366137343863306538623632393439316565383332353439656536353566336265373133363431
66366566386638636435313437313866353538333661626265313263636533623762373165323238
38623566643830663162653738663361633735623739666161373838616336656139656262376439
33376436333031353862326237323839313734323839383066386432366239666334333636376564
63666432623534306461363965386462626164373637653962633362636331356563653565383264
34323762666433353666613265616463613636343962666235386138313330613966613736663964
31386539313136356639383062653631313464363365343430353232333763653232663538343839
35383637336639666633643434376530643738633963366335373534626434633262336438653537
61383764393132386135396230656233643361373538383464333538323333663234643833653938
34646634626330353435656165353138663364346231653430346665356235663965653533643335
66313137326364306262353464653665636137303538613262363065356465613939353639646338
34613637343862336566303463323333633937393432303462663364373336396535363634623336
65366331663134633139393463313062353930313438663063353832383963353462333933366232
61386461366634623936306332633462343761303733316439323831643363613964343337333266
33653736333334343963643333366434663366303164313930313234653461373235646263393934
61313963373933383531313839633365623565393634666263663436653537336131623932613535
39393962656233666430313632626561653464353039343931396539303030323237323562636234
31393539636266373634393931366235366464313832636334316135303261643731313236626564
38316437393337393566393037363233303435313236316332303761366134323335643664636266
35633165656163643464623635386664396665626133373830613237336262383639323736653730
64643961333137343034333832363665366364366165363537666661383661656130653031313165
63633765393561303130373039626432613335303337623262626433636565343531366166623664
63306636656662353063383739646239626131356132346464633539393438313732363264633065
63383362396638366364386666656633666332663664383065613036623435626635643866616361
32633632663433313835323365303330646235393165633735386436366138636132376162626139
37333437623934643238346636393930373563363361326466376162353236356365626435616639
65613064663330346230616662303934616432656430643037363231343366313565646439333835
33663362646336666130366661643530656633636564303161313764303764313065666439303134
33663734306238626665343330323262396431616235323163653731333333326639323839393634
62343838636265656137316134396437646437616533323936666330386539653033663439366530
65666231366236313830363061396166336232346264643861386662343433656166373766636162
64353830353161346561646539666361366162643232663265353864656332323534623930396166
33343336323132383730323266623061643165616665386164633832353639646338313663383433
65393066366264626666333366326234303737623632383466633935653433643365393632373439
38386438616230376433663935316232326131646164313735343362346530393132363334653131
62323861376337306332353835636533303737303839363966396162336331643932336138653439
33633164316632636139373438366161656130303361343834383831626432623266303161306639
33636538656539613162396338356362396463363136333562383438326235326663336537353563
32643831303435633931336361396430336232653765383664363464666536373836653464306638
38363461363466336132313838373736356633326137663735326364303937643864353065396531
64653861623165366338343063313938373139366639636262353037656334646662333063663265
36623162366239623963376161643066346234373339303639353539393734333239323238313030
32343561313465363738633731333339643534333738626333323762666266306536636338323236
66316131393363663337656134313964363462343530623433383766373638333762653438626664
32393234363861316332663762333931356538303663313538343566613630303433636130623165
30336630303935646438343362653833663938626363616631366537306562376538616237353134
38306661303936626430666666626664663163303335343537376264383836646265383861656635
65313834396562353164626561333761626134313538623062313930303662386630326535316165
33383435323631643135333133393362386631366433383935303166336534383464373934396365
37316335636161613563353436346265393865383737613062323531353466323536623836613536
62303163633165313233353365393339666438386466626366383138663434373637323830326637
33336230353631303630643663363532663265313030376237333064373831626131663661646130
39336130613765326334313064646134356634336437333232623437353133633633386164623634
66366535653739336331353764336262646133333737313238333536313661326438646262353265
31356530356365623134386635636162643166396431636235306661376163633637333930326537
36303531643036343635343365626662306537326630323965626134653863383864303734643337
31343363613238383264333063343632626231383039383661666565306364313164353163316139
30343736373061373933313231623564383063653233353836656537666263363663323534313765
39336137363837636364303263376432656330353538346131383661386465333935353536633664
62653565666637313262653435383061326532656138633333346664393763313364646166666234
63386635643264386337653161643765323064653963646330636331663432623839623766383466
65363539353564316263643234353339633966643962613734616230363031303936333764396432
62333661383233323030616335356235666133383233356365323439356565666332313433613162
63393565366131306535636466653530363331366430623234323131373937616638383062326339
30386639363338653734393636306362346630343165623836343861333366636634343830313338
31393331376339396463323832386661646333666635643330636239323538303464306366666632
61303639303261383861643663356137346432333233623639353166633863323066393636636435
36303062393537303330313665343937323136303161323335356131306635666565353439633366
37653930396337623335323130653564636130633830643364303464353935656333393634353336
64353534636236306438663661306631386537333264636630373461363733316137646636326638
32656439663939326432386533323133633034306636396532383766326636643235343363383431
61623766613865363461656432653338623265306164373863633261656461616136383261636135
63316463343866646363613632313966346238383461623062636238636537636430656633323636
38643739326365623230333031346639346534643038313032386361333037383566616665343033
35386666643132363865636637353831333064383836333135376463363535663932633165373739
36346362363635666336626134336339333330613965623031666264333864363234323631336530
66376264663038353064313263363733633335313265653333326433643066333466376133396139
65626637313631636566383432646532656562323965336565313036313435626462643565356237
35323862346434313535626133373034623034643337613562356166346666323432366438363762
37343764623531653864386434376538376165613464366239346262323130663736626630313761
36343736653636333661346438323433343264303538333762323264353138386139333634323334
61386630613561613133353934633561353839656432653131663064376134363530366235313532
65616239333039613435306539353064666665323861336462636361396565356635316365383137
66346236643762623436613535666666323463316565373663343939653739333539373636313066
35303934626434626463336461303039633531393331366235623235366135616532356430366135
63363734383663623965366337393133653363623362343734313538613964636633303565313332
37356431636365323865323062336364656138343361326136636633393532623433376664306538
35646661373035376663666263346431633665393266336638376237353432373965353463646638
39343564633966643331616432313739616461333263373834396130343636653338396565316531
32393865623066393038343231323232306637653035313531343662376331323739316265643039
34303934386537316136373735623037323437613432643765303131386239333434346339346164
34323161333865343332373138653637366132356461393536616664373261653336653037343766
62383934666439376263303437653030373337383333653963333532613965313635383532383335
36346635663539383336306238316130613837663862633235633835313265336432623134323538
65353765663531393834626365333064316364626138643765306434373461326564656461313934
62383963666134613731386539313466363936626165316361356239653065313436313866393036
34623962636531323536353830643230326139366135376338386238343232383831636362633237
64666562613635373036643538313935386437366439656430383266386531666238346434626539
33666634623164343532363761376139623963633939316166653530356462376263376538353632
36626338393430353563613036303932343630633639663261336537616631343030306562313964
63626362353664373265643737386663333833656166643739313162663237626237376637653130
30643731303434666330303335373132323234366533393863366533373738356261373734356335
64616331386264666336623633633562323962343431306465346464366264343731353739613230
35323531653666653865336537633865356464653339356636386538316366613930643232396635
39633535323566396563653435663436386662366532663933626337353936363731623830623234
63663762393839313630
