$ANSIBLE_VAULT;1.1;AES256
33386262343762666634616232616532666164346366323365643635633638363366656262316664
6562363562336636613934613236663062336464396633330a633734326664383265303239613838
63383564386232643966616338333562363163323430616362376631303062376131616163393439
3239646338646136330a363537666338373036353339333732633531393535306137383731656532
30323531343635656530383264326439343265353039393737316339613534636630376330613263
65313361326565666631626230323765343237643665623131653239346332643834626539383734
33376539333736396661633033396361363365306431306261353931623137343463346664653063
62373837636366376139343337616263383134613239643462366436653434393162616136666338
64363735313262323264383032353632643264613430613137353436646634653963336564633636
62383165323964326632303465313532356363663237313839623162313365343762613732383632
34376432623030656336656362366334633335663230356638323335666666373935633037636565
61366632356137623737353863636366363931343964373338343030383439643033333331333930
63376531616634666661376163643066633936626264633037313561336238396536376166383435
31353361303932373237333835393763383536396365643862306563643434336133653337323166
37343537303130316138386361363235613531356432346565376433613836626333356631343635
31323261633866373761356665316565356666316561623531353639373934313136643430643466
62646362343762326465396666613936303033656438663931383538323764383039353831333361
37373235633335336532633336353736646665653839663735623963363936633166373437396238
35386336333231366366656262316238656132336661613563643362303938613666373864386335
37613339346335353262333535323965666331393430393738663630633030366662613261626162
63623462306634316434643733356533636231336563613063663431353765323666303632393333
65646232613163313333613463346536363438616239313535346261336334643533623462393634
37396164393137336264383134626337386332323136333665623733643031313335646431316634
64623464363661303461363763386165663139646564643564383364376436396230643331393364
31633466383034376635363733336464653135616361613038326532363433366361313430643132
34343265313236393338336566663238653939343961666239393332363436363762623166376462
31313430633834346438393461313938333832376632333536626635383134383361343064376664
39393834313132643466613139346339656439613464373336623531633133356434396233633961
62346430623964663831366437326330366137623561373162303832303632343531383964643339
37623036306536386434326566653537356662633033353962376164363866333036303931313562
35363231376232656634303439666566353139303539663738626163383332366263656332623630
62623938376436626462663265366335313863666366643461373538333637623166396639336232
33626437313765373031623164613361643736616232313839363732303335653533633465313261
33373237346437666136373331613936323863323131363937373537616632346331383164303962
64393066653862323231366134613734386236663738313566656437643630613565373232633938
61656330326130663430636135393862383561363031636435346236326632313664366533653366
63626162373030653761383533393966656336393835656436326438613337383034383134366662
31333034666638383264363862383734386534616363366234303631383465326265633533366566
61653966363135663061643565333635613732653133353364623937306265663062393863333631
32393464303635626664363062636466353934646637613535393264656130323632633935656262
66633032373763636239313333393636383439653333623766633935623239356131346230633863
33366133316630306234653439653436363032333636333831316563636161353461346564656363
30643039356230643264663738386232663332613935383836333836306666656431316230386535
33323532366337613431396631376335373939343136326234623537386134643766613233323166
66356431623265613638373038366239303065613130336365653339383933353130346664346466
36323838643864316233323835616464323236626130643563306537663835313136343362353863
30373962636332306464393362386662326134653862616234343634633631653166613137653261
31633136386564613738353938313436343032633932643563663931623332383565363464326334
30333166303261376433333034326337333263663437656539613835336139303738353938333465
63326566353566636532333862376438356231336233626666313962386238313566353132653962
61393636323039323861306137393264386632343761396533313663333262333732616332336633
38393665343233313639623062396161396534663539373637303134313761376665353561393862
37323730633437633537376632653434363132376431363833343062393830376137616433373835
38643832393033343463656538303135353939316234326632343236613663366430353264666339
37303465316464316161643963653661613939633734336430343966663166313238613637343330
39616434653033356563303836633632373733366236353961386435303339393534396139643461
64316432643135643532653463663533343733303963366266623362333835633362383939626163
65343864333933643564646165356462633333333864356239343632376163643130336161303032
34323861396663386663613865373266323638633065396131306436643838623831343865613733
63363666356566323961303539326331373066353463666430656165656235326336343166393036
64356264373033343230306161373163636533386562306434363633303266633038343662326461
34336563643663633537313739323234383931396162643139303863663032343033393734363733
61353265626263613431333335646637623634646533363135376161616665323362613930653365
30623832386361383664306461396138633333636165363539383836376330383230343138313438
61353532366164306536336338376137633064663233323030373737313533613964663135636635
38386433373362613134636439666635396336316533623131346265373530623239353138313066
31646637623131313661393532626166333533326438323766386138353033353064373663316361
61626233346536396631653735343264356338383432313732373831313436653664323761306362
38343362393935333533303965343530373461363735633837663163653631366164643865653064
65636161376538646239346430653165346231323064666230626366323132363832396563313637
34646139383434343231336331353664366662646538313939626565393337633665376335383338
33313739616632623238343534663736373530353736346134346139383931366665646361616661
35353138303337346637383938333664373264643538626232316433626439613966643831363031
36643239383063613830616430333735336530356461313135636564653261646364313731306336
66313262666666393130363664636532666232626132353464316139376263303637356234616439
65333535326638306432653738303230366363393530366339346639653738313062653363353466
30363761373965343262333131613462303136376665323261646661393131356137346537626136
30656162343937356337373332363263336461353232666539313435643536613834333437626135
63353031653565343161303837346232366566333235653938393365353734613733663662326636
63643465363534303663396637623234613963623238653563386532373338343465646236343462
36323331316163636533393838326433306234333832633563656661626666643464663232383663
61336337303138633166363162623934386465653761366166623330663162353265323063313062
35383131626161303338313537626533656262393961303334643130386131646532346631666231
30613865363139326661306134356661636662666532383833623435323031303065316161633831
61343934666164323236653365663938623664306530346666303466313335346139336138373662
36656365346666666336386130393533306466636430333662353637353036656335343435353436
30626230343232323631316634306133323637336638313131643830653331363638373864333931
61633731396131616163393835346331383766353839323439646665626630336666663539656434
30323232306631313238613131306666316262646234663366346361373334613462663437303263
61353135643666333932646638376438633838376263353330646366326230343062643965633036
34323338323364326637326138633433316263363031646463373862376330353632353334373134
61383764663231343665333031653266323830363530353230643334333464636630323135366534
37356630343435333235613563643132343461396436343866326163316463643461356664343663
35353339396234663436663733636533636665373338646637306666656364383035353032313634
35613165393435303066373335626364356630333261343336613738626566626439373264333034
34313266653761343932346462643865343334353036313434366430616533333762633764643034
38356361626661623939323762656263653438313132366537643131653961666265663732306533
32646430353364656135626166653934626335343863366436363639353337303134313864653862
39323635363963393438386563623065643962623730373465653362336464623037373961643933
61366239646638346632326135353436303630666630303662623763643436306565636661636464
31376665613264303432623033373238663265323062313439366534386434373564616661626632
65313935666139323333636239616233393534343739663937316136663538616166373335393934
36316263633766373134353464653664643434383630303563636462656565373134626530666334
34393039623966663335393538623864323632643430326437343432666239326138333839326638
62653564353738316536386430336632373135393637306335386132336331383638386163376333
37653137643037393030616633636565666138303261353836333332623264366137653435356437
33303431316163626334363832373363336138616465313637346637363966313836386133663631
32343333663430646139323763646539303930373061376530383637313531373137643563626339
66313965633933643963363038316161626239376535613133333163393161383536636564333266
61666263663266653063363866376438656661643731363563666339623061646234376466656665
33383932376139636630663966353839326131366132343364313464393064623430666461306561
37313533623363623330366561373232353038643766363235636233303435636230653464333365
31313837396630633931396432373439363632376630623537396261663165653362636133656336
31343131326137616630613561366662616361653136656431633265326365663636353939333431
64616535343830613665333931386361663034336665343462376531353836623030393034323361
63643731633835376362616630623333373839666333633566303633616433323666393864373966
33306534623739396266393835653434613264333661633730336131636265633864613232663736
39626333653464353134386438616165643965636130306566303838613461316164666363653730
30343339323338346338343938343766643533393161366139343363303734383033363862363338
30346134333262393139636636646261626335386163303965313234343032383134346531303933
65373830653064383932666663666134393639623736323164646261313164626130633534356231
34373037353531626362636462343833303931666464316366626531376134366664313236323365
33663137333530656165373532636139323361653239313161383031343836666634326430653632
35356466353337356530626637356232393230663834386263623962656166666335636338353464
33353538313735616236383366353532663631383536613539653462383232636230633133613230
64653766336332386237326661653065336633663237393037356562666363393437656337656163
38383237376662636563306532363337336532333166636431656130326461383239306563346465
61323338336161373836353136303630363439366534323662616465353736326266346161383862
38313731383938616432316438376665363862386366343064353733396230666433633365363230
30646230313432393664623235633538613532336335333739616466623339363931383163613063
33646634343531373731333534613063336364346438386562653030363833383237383932653466
32616262616537303530353134386532383962643565323235633263323231356631366666383462
62353738346334363866353366316532653135396465626231313865323432633839613366616236
33366263393232666533393663393034666433383864623530373566336535613532663039663839
38333064633763383363616433333165323962326231323065613864393833633465366431653231
30303538643533333437306432653865646364613432383638383635643430626535356138376336
30636663326462613064643839363864376362393637393464613064376261633132663463633863
66626665383466613763346461613333333839373435323136633565356532383734666262333232
30336162636465623537653335643366373337653530633165613964353432626536616261626237
31626365626432633139643162613764333564306234613439313365663437656631373365626631
34643635616365353232646237373938303530346230386232313235393463343962376239353534
32316136623531633763393564613733616162313463636565613037346134333437373530333737
65326132616437313965333364323466656266646462373838303038316336396532323838366539
38643030383137386661336564616563323365323130383362356264663831633538353439323632
33343765356536303234653265633663343135373931373338366264663239613532333037643637
64343064353332636337323431643432643637643233666461656266323530623563303235366537
61393535393137633338336535336661323131356632653634326431646536376636633133633061
31623539333532316661633938353035643366336638663562313162313538396166666438656333
65383761323465313038653333366233373836323664313863376634643563386435613366323064
64373537626161643065646334653862303164393565306264616564393665636662313338613834
66306165363462303864346337623061313165663864613464353336636664663335323561643463
36333764336439643131646264646361636562316535633033313839323533613931633464373335
62376135306665636134633164346636393436333962363038653839316236383030326164636235
33346162346635646366623439363134393766303263343537363735666533656138383435336634
38613135303263343430326439623365636637373130343265616439313135353535626333393130
38393936396138306166366135363164653130363763346264396233613935363464343634636537
64373739393932633461643034343766343833323765363935393435346138343938346330323837
34346631363436316463346436663836616463333831316332646136336233383563346335383566
66323861373438316236303530613931613666376439626135643035343239363361616334636566
64393663643265353864393733383930653739323366396237633937653736616436316163636363
33626262386366383132666533356135663939313235643433303564643665333535333033656464
63616130386564333864346539343764663634633431373639326137343761353064313934323938
64643664326339323835376230323264343430316633386236366437303861666234316131633437
30626365623330663838353733656665393832383439636536356530356238653562383136653335
32383936653164616235336366626330386632356466643638633139356337346432653134616365
31616333636164396165376539636236616238643936373738376432353235316530343632633764
61386464633562366537333339323664336130376538313863363039393535306136376438336438
33663732666433343331366533636166323630643434646433616232363934613539633863363266
65373066653966656337646265366535383836313832396339373936356139643063653131356234
33616633386361366232396136386231373236623537623263353530666561333963323866313364
34393935323538623736346638356535323038306535356639633564326236613236363364326638
62633062313734333030376566366662613833373333626366343631343934303963366437356132
37333738373730646238353031396163303066333636313831646239303532623330373737633566
34353131666436383764373133653739306530633662303330346638316636373639353161333136
32633335323864646436636237386534653662646663383830313230653031346330386133623234
61323137326435393134376436366437386663383736343336383266646532383064613334646634
35333564633736386663623362313963363561346466333132323333306634383962646430343238
34616361316436666563613935653334653937633738343433623239623431313263646637306365
61376135663936333732326363653462336135363963653039616539633732353465376639633662
36393031633036303530626238316130636165306565396134656235316333623661636437323439
36373266376161393463636163346639373639396530333039343837376162346232383037633864
65613534343562393831656631336332393163373836616437653262343461356131303539333963
66636665326531366365363137356666396532356639656234616439396262373837616330393332
62373264373230316130653030383164396537343434613564626233666536306162373364663061
34393335396164393539613433396330366633393065363965653433346135643439353236336133
65316666656532386432343561306135393131663234616232333466353034643763383361623232
37373334393166333936666261383037396331323439326130366430383065323832653936656134
33666265303566346663353630376530396235336639323064303766303638643061363662623366
63383764656339303831643931363738666337363937613463306432376264356566343439333234
63393865613032663632326433356432373638326435653338363463613731366363663064393334
62643432333634363462326666663238663663353232373661343731343937626165363739373465
31636338613532353032623338633361356561643662363930653837616561663239653261353664
31666335333236326338663865656265326261613939393665346562313664363736376537313738
62666262636538366363363033616135323932303832623561323236363231343638313263616238
36613536653339353335363838376164333562356637313131326536636535306563306237303539
39343231313237313436613230376338376533656161316462346362393365326133366433303763
30376664643834333633656138336230366361666335333163656636663238626534343939653164
39393564396535643733623562393636323661323430666166323437313231303437316431333234
37346633623665363835633838363565396236373637656461383932343633626337646237613133
63313033343030366530656333613039313962333731323033636433663163333030343833343931
62363138646337343362333461616530366430383839373234636566376534643937376536323237
37376432656136646639663466616631343335653266653137393039643638303463643566303834
64616234616165376131303636316436656233316363613863393062636165666435393236633734
62306130653734663935303936353164663139373130636236363030373139363839336337366233
65363539633963626163323635653130666465626133336265316138643730353739333163363733
64323765326666613139346463316562383461666334303133353066326361366466633035646463
37313737396630646432633232663762613432326661623965383761613130383031313132613734
37303833343266306430393335326362303234616133643339333339383232303737323530653963
33316439373433313339616333363337626233636263336131353234663232343138333166626532
36633239386539663762353531393935303234383066633137306464326332636339633762333330
35333966313837366162333364323163396362383539303166623465323035616163653134316364
39326137663932666162646364636632643263333834656164623033373631343734363162633036
31633539353333636438346561323633343039343635373265383238326532383463646132303535
61613032336533653065366537663935323939316636626133393362613434393932343162666464
30356462623162303134663331373962613661386238313064373462313438356333343938356331
36363032663239636532636430623232623936646265633462346638376263653731373963303834
36313964323735336233666532396666343837633862643436643039373332656633613562613961
33393039393564353463316231373264343737386361313165656538346430666661343134376165
66343633623665626561643165376435653037343535663937383134653264656638373561613263
33326434336338303131663261306132346665373564353339333432316334383435353236653361
39666632303266373835303563333162353062313763386236636664323430303964616431363563
39326634316632343965386531653734663631336566373434383234653832316530346436343231
34613339376561303465373534393635633631636438313439626437343662626364323339643537
62396264363664643163323265376436313333393361353339333238383162343036616235393665
34323365343565393064393637326533646134313730336364313431626666353533303136653231
36353938353565313238323534376364386163373739643966333036626638616265626263663030
66343335653362663136323135313964666563636261633632346635656561616232666439393033
31636230326331323538656531633861326263366134323730346666386137643861396634313033
32323938646438623664666566623235356136666239343537333333363461633163323166336235
33613466643139316637646161613562636566633933333637393438393338356161303663386161
30383063636139373333356361626164373737613635313836613236653034316638373037643361
39363833383132376561306639333530356166363339363234323338666465336637643939323936
35663537343634646135623061303766623137623430316233386631333264376263343661623536
64356235326438376339613165376363643136306466353935623437613734353635326366326332
34313865626364333737393439303965653139333639613664636230663633663966646531313138
37643137623164643234623538666334643936356662323562316263323134383732373236616536
32663364343737653962623964396139636434383134623861393638353931393462346533656331
61303061623931363938623335633333396534613764643161396165363764316234393638366531
34386463623462353332396234363964626539663932633363616337306564313666623735353665
31316238383466336630386137636566633838643130346566646262656363353239306265646164
32343032613366363661356361333534613534386636383235646337313135613333633737343038
32643233353661393234663831306238376332363338656534643635623866353534303562636232
34383636646235383463613163626365306130353136343761363530663266643039383561613837
38393436656634376437646437616361366337336532373365333737613566383236376638363733
32666465353262326631336262653238663761303538363962383065633930613930613933623038
61623032623862363330633435313230353632663061346334336335643139323931303861306638
30373733353135366537643961346431336464663065303533353064663862306334396261363632
31306361633230333935633432653134323364363162353064343537303966636564653834376135
61376666626632393132663034656363626232376264666562656239363861333765343532306165
37623163636138393838386562393762346632643666666365643865303439393963343966633232
38633863356461303436373563643839363238393162643130333836323235363661373138313139
36343662333261646135653665333463323465613965626464383734303531323738333232396463
34316432353634366230626366373661376361333033326363316463643864653336363839393763
35383661643964373666616362373130643964323162646533393134343032623464613034343532
33633664393131343765316561663762376266303134323439393233313234616163623534653534
66373961353962653731626638613835316262306563316266626165383466316261306363313764
37306130643263393932356630333438373037386134613364313932356237353737643339326461
61663838656338323535373232363262663538386336383536383166343135346436326130366638
32376535623664336662646662313735623730613636363362633535323063326163323934633362
38333337373636306436663036323436373936653438643736396336623138346431313963316338
39303935333262386635663930356166303634396561333439333635613835353237633261356136
64656532383165393763396164646139633735356533636331343238613164343366343766306132
31313162356239333839306533323866633538313961353766303664343731626234326531623238
66303065353961663639393865646533306239313435313333393566373631623932346263333662
37633137306238643236303631363064316437666432626662373935323636373138323137326331
65376564386332336536333762313330303236636434663434373334613365646431303137383435
65666433346666653635656238353339343237356632613962386239396463646239333132386337
61303162366631346536646130303938633332646262326431616439373633303065343135393637
30396431343364633838393336313465653336616262383934306163373134333137383735316136
65343639336631383864396331663466666239303565323337346261363035356636323762393338
32386166613537303935656335646430636333396263653762323231633164353030376632333135
66336566623932323534376435343431326337626632313332376463346633613330636263653433
36613935353964616239336164343035666133366563613533353136373266326639623865613733
33636232663535366665666338663533333763303139613637656137646630633039333036333034
30356137643434313436633134336532633962376362386163343235623037653933346234653730
37653534393830306134623966313236333438643734343063303338343839306564626339666237
30346632393939336163356639366336616562626238346431386631363164306462326431303832
36616637366365653730363064653366663437393132396666363066666462353234653763356561
63656631393066643762616139383035356237613835303032366563303964383037613933623835
39663936663766386335316238613231636365653961356537303934636134393238623939323837
39313964653932373966383531393663396563316337333934653131383132373233323432643339
64623638613462303931643764626333653762393032333464666664623762373831303235396536
31396536343431616366666232343636343632323033383336363934323833653465633239313631
38666234306330366334386135626161363131663939626534393063346162643139386236643831
33343332373135663938343139616336386234356630373861616639613631346434323439393431
65373436643664386464663438306538313535343136303731376531333937396664353231613330
62633135363339316531643636633663326261666633653162653563303935363065313231653633
33383865336132383064346135643262653364376137626364373766633939613564346431316531
31393933346163643466393363656366376564303935623436366536373665336461366339613734
30373463653963336538383032363064376262356538383539663030333635636133623461323265
34323930393962353334316637306630323965656664353563343761376262346431373332383330
62663763646534666166313236633533613162373334643734353434663239383033306133343262
65643132633533333861386264623639633132353436303437323164326461373933316266373063
35336166616536653030306262383236373531626534656263646435653135373362336337333362
64346261383733356138333430326464656365323765633063646135613966323561343139396538
65316362326536376232313438356533326539353438383732336666383634663335656362626633
36336161316562636532663765663034613838336165663763323338636231366264333230363133
32336534646163393162306266306162376134653765353436386537373761646133363662626463
66663534663361626461373938653338356238316662366533626332343962366537373737343064
34333239663030663265643766383438303537613666633732626166663335373439386539373862
64303932623266636530356132363232383632663839626266393361613937633538373138636565
35396236373830383364633730386633396439333738306263336462633764336566373064643532
34643235643362396237306236616530626430656238303230623331316331336262653963373833
35633430663561376636396264656262366635393464376232613661316162363564623438373431
63356562353039363962306266383138303763616236313131346338373464333539326363366139
62326432313563323336656135346330303030373034656461663330333264353832646366633431
30653166613931306330346131336365653830633763363733666130343837373139646435383231
32636265396631383235636633313462363333343533393030326139386631376338346361663766
34373036643539646433343165323865653763343765346264633466396361326265393161393738
63386265663736336336623134646266613337303164316534613331323832313938616136303461
32393639656538643935643863376233343461366335666535356633623866363964366465353466
32633039343639376131376136353436393131363433356463303061343761656632663866313462
66386139656639326236663564636536323037363830346138623532363966613162346435316332
33356133306630356662313732303235343365643263376161353039336266643932356165653065
32303231616466626537633761343530373464376530663235323431323866613935623663376232
61666434356437353366663739343538393064346338333536313735613030643766396134626434
64316230656530323666306530306536303439613537353830633762356361626333663665393637
35353166616336343962663066373666303733303637656465396233363363633539633862333835
34373439613562323835363637323565643066393838313431643436636563633039396631616134
30303434343332626638356339323531376232343532333030663230353563303364393635643331
64333161363932663134313935396631656461303638383830356633313736623637646431323736
36656332363736633831626163356233653262336264363430336261646266373635366337663331
66353166393635313333343062376434616637616465633764393236356233663036316365313163
66373535373466333130393636326163383031613033646235623064646265383036616561643363
32623236623636366636636362336535363462656536643838636638386236316431313531663131
31636366303631326135656235623834653930303434353465313533653830336536313935386663
64323935313931366534346339363235666330303436653136386531653035613531633765663065
34643637333436666231386332643265363364656536613930306264333861363765363836643930
37653366616234356462313630303961616134393864633430336433313365313164346232626363
66333931343665313665636233356662373137616131396464663239643139613965373134396231
66343566336633636638316266346262326164386437333735346565613933626239643964353739
31373266623261646232653465643262616434376331303733613462323262323932383035343164
36336338383838373166303465376365313063663063623261343839323966616663363631666264
61653864626633346365333837396130396363663965386434636464666533353836333530656133
37353439623738313735653834323531626236623334633630653832323334656136636338303432
38656363383936313437346362613562313662346331383339636632303437383439373265363664
36336362653062393531633366386563313763663965376261633836316365333838383430393832
30613538393364373861633230613361613364343434643361326530623734643236333339316433
32333532353438333865646262623131313362626561323637363331333230363363343433356466
65633830396138643462363961353766323035343030313361653466313632643162336232626537
33343937653235323065643536343261323134616462303532373837363539353530613134366631
36393235356564656664393335373434363637633136366664616633393236343533313033613935
61353339393662316463303834373633396238656531656466633261353262616239313835646439
36326634303066303530613536353861663637666334656430643730383931313933343163623064
35333064346534303938383161313663323365306333303432663563616465376233346538363633
62313830663732383139343034396330346530626630616364356362333534353731633430316330
37376362393866663834666632646466383661336232326233386631343731393035613931663431
66626265373761613932373032373438316332356234393736653163623665366336356662666332
65666539313230623034333233656436626533633263633961323438633362313263333361363331
31653834353364653735316534313736346661636164643036643065396531393766356666346362
35633637626465393862303464336538343535663664326334633638653063303838326539626434
66393631306264633861626463623565653336633865656264366665383463643063656538626262
63646531376337633137393637376661663663646333386462333462613239393337373630626630
64313562326337343730383033353135653439343435613165323531316630316433643234633330
64306630316531363737303663343134356633386133363939646637616636613837346330313633
66636237313762616562663665353738656238656364646264643933643863636332343139393230
66353966636530646435316131346363363636623735623732383965653934613961316532323430
36366531336334343465643139343863663332633463366437363638663333383731363362653530
32343564386537636264313766356232346262366364633938643265376561613836313935386336
33336636626236643630363233343264613963623538353162653235623437343633393665303961
32363463306335653331336430396133653332333537376263316465613733323230623462613735
30643862386634343838626361333033396265653136663930326536363933363235323037343235
33366530643964316165316532653166353930393036653034346532643862636335613936613465
32376539346639656563646634643638326232316633353138656230353265626133373430656563
34623737333032646335613766393437393536653132356632396462613432623830303135643130
35633365376330326333386438303638346164656462306265383165663133616230303163366239
32383032616134616639306463306566643764326333303531303262643766633464353239333463
37643231636239636664616633303630393464343964386262383531316464656139653130386137
33316338326231643936313461636133383536336132363032306134346339386136373130343066
64386637663462356264316338346435663835306438396633323834346236326264623135333964
31613733356233623366303861306239636130316631313063363632356437366232346338666435
63643632366138326263653930663562336633313230656364636239376439323166663631326535
30636134303139396332333436663039623134383831626463656634636536363133656361623961
32633562383436383762646536333539376131346465383337346430623035326565393533333339
66623566366637383332666233396362663939626432656264343039306630626135393130663362
63613039653638333632393138646435313334353835313333313465363530633939323330333635
31373862373866633462303731626261306163306262616435636337626530316361663838326636
36623231633764653862316238393765623934376233313163353032353337643131373464646537
39633439643730383635316464303735363463623731323463313035613737646533303066353266
64316461336534323862303663636630303333353966636439623233653136343062613639643735
35633735353133653935396563613862306330346632333735616532323565383239643835393461
30376163633037343266333264376562336566656237613365386165303135343761393261366362
30626465653936633334343836666332323530663036386238333366336563316461383162623732
33333334363630343766613035333630663430613530643132323861616330363432336433356363
35663563633234656261323132363762623532633139363832666533666162376664643265656239
37653966383764363162346531393038316430383365396563353932313534656435666533303964
32383530383865353934613638653030343665653832353933646430313564326564363832646533
37613439643032343463393361613761343335346337363035353662383464626630373962626131
39303738393839343631353937323034383937623136363565663934306364643839326338613166
37623931613835366266363632626438376631663162656537326461366331363534393232333462
66613362346435343866353434656365613339326332373830386261396133623861313939623731
37316566323462386232346231633566316138353839356562666262363666643333383065313962
65356430373636356366666432373863656265366137366133313661366464636366613639623437
62313265373833303835316361393235363564333364316339343166643833313035383032333333
62373235396638363236383736653537663761623165363134326333333637333561613333306363
36346436653463343764343962316438636533313432633765336635363333656461613632313565
32323062313463343635623466623334613638306236303865663533346539626265323639626439
32303833626432363134303837306665363339646435316133323132656134613738336435646161
37613737363137376436623339613933376366376564393339313236623734643265636266306437
32323134313363353666616435356466616433363334313939306331343539636438386538386335
38613033626162323165333936613135643463656338316433396562653538343765306462643839
66303033373862363437356666376462376131373730663736353237663239306561616662663637
39623737616432326337386539393263646239393535383063373036623264623437316434626538
65323165363336356335333561323765656563396530643837373066336563346430633638363538
38613366323364323634376337633039303338343661383735306563306266633132393365353466
35363437663633383032623232373962346261383133383438323462633562633637316165353163
63663431313337333261363166613934373531303330623530363039313831613861613863356437
30633334653861386462313439663763393439353633313266336634633438666431313239313665
63343362653966646232353138316664333739636462356136336439353032336264356165343534
39353233616139383566633464373433643339653031616665353063356637623361343763306166
30393931353466663434633862363137636135343563323733326630303538396531343832363034
38626464313038656136316339353737663131343262376365346432653638323030393531653932
38313433333861383834316438636639653930333564613462363263316633383265373733356136
63656435396232343365353265393237663636313961326263366139613734373935313036363462
39366635396231636537656163323338623136326164333438363662326163303234393733666430
39633234313137306333616536326539396533663066333936353065393031396437393963313238
64633133643063643665623865343865656133353935653562313038326533643365623164613165
66383736316637613239313239353766646536313331316263333037666165633832626236303838
64633235333239663332316464663437383736656639666535326564623138306134373738303664
61373766386333323034636364333564333237313165613735343932643834646137326435623232
61666536643062633162343138306661373861393566663065383464643939626263636138643763
38393065396634613463623336353531636532323236323637616330313132373361633039316264
62356133363236393036303930626438303165646231343633633537353436336330333639623562
66396339373438343433323666373739633937303535646261636263653838346465616365613035
65613937323061313636623439643266366636326535306364393961356161386137663637323263
33653462663565653131363839653963323230636135356636663935373661343464373861623564
61623033343131386635613163623134353963366466393035313961313563366335623936303834
36396565623038363063626136326238343035346635333862363061383636326534653939306330
37663132376337626434336638626137373138366665323337616530373531313530303563366231
31343933303838383765383733623331613163363832303033623735386665383063613435353863
62643361666530666561303164323439643762393761376265313463393733653963326265383030
37626232356439633933393035653431356266636331383465393134643061313164323365366563
30323739323636636632346538366562613637666430383034643838383538663466336532636165
38373239353930313638313937313662343565333034633162633239613834376132343236613863
66663434376533343833663462643536323233386333373032663439643761373836363964613365
33373263663765653966663730653533633534336136656336663139333832383966623361383433
62353834626661363635336434643833623533306334653531363139366133623939626230343633
65316532656638653930363461666463346339316265366439623234333366633434323465366436
30303434646635636563336338396335616261326662393535343764616166366465356635656338
33376337623633326537663732396661343833656133396565396236313237363833643439616334
37373332323831326364643263386466343666343532386538343661383639363930306437383038
61393663363162356166613735613064336232356664386236306366313265326465616264636261
35643134303162633562373532626631373933366135653865623866346464666636356231313565
33636261353739623032636136643063653465356531353131396639383531646139383237363237
66343732333030373035343135363265336332306633666433333330316234373864393630326236
32666433356638613435656134383534636638323936616639316536653838663637666139336464
39333538623662663838613633343438623239623637626661366162356337616230623661626364
37353735363665373838396539356433613432333231666562366337623631666163623337333733
36636262633933646365313036666233376263373262396531326533353435373861656332393062
64373030306433366132623431386265306432353362346135633833393437663564333463323862
66306534666365326134353432306130376561376230393063383761383061623364363664653832
62643738393662643366663635323234326662333834313161653038303036306437366532303635
36386262346632316134393432646634616631663737343064366161323231333562313661306661
35306634326536613833363134363538393966343466353331336438623839313661303962386434
61666165303238316661393762323435333836653362663331643165643965346231623438353066
35343362643037653163303538393732336335326534396338316563366162336239386234623366
62653530343735353930383161333335323937626534613561393639663965343864386535333932
33346663643630353036346437393666343162333835363962623933313533386331316362656666
35616431316264373733316665666532333966353763303163623637316561393539393761356563
30656636373331633236346261333436623334376138303030626435646535613062323665633338
36623961383266316336343731343538366364343131386366643266353833376366643630333532
38333935653231366133626166383439383833356337353334613661653734333731343463396235
34643932623932326234633630623363306461343437376565306431346566653233363135323463
31353038393437323231613335376262633465303236333961623965353934323137353533646136
38303566323836346565366261303834653638346237616635336262656662326535623439653537
65383234373162386437376535626163336138613762323861626466633833373730653739363261
39633763303063333130333364313164666232326137326638663563393461383636393736646563
34633832396131663965333064663936383539616132633866376536303331353263346339303462
36333464306164313033663630306561663432663731613966626166363966303135656431623032
65343663656564393533666465366336383266323464303932393533646533366132356534366632
37356633313062386135303034333035663730363861646431653066313038303461343765363661
34363635343463353934643332616639643037363963343261623565373330623238323832616439
63313937393332656466633832343232333535366230383661333833643761613039663733313531
61653539633031306137656238643230306337383235643930323730666465346365663564663063
39363132323830343736316666626530653634666261306133633565386430653964316565613464
36623238646161356136343032653032663630323535383264316535663763353762643762616130
61353833623363333661393962316666336230333235306362373164626638336335353636336530
38383561316265656261376435633937353938316533306532653732343337646364653036383162
63633233323938386333323030366464613631666434366130636166613534643665393862393465
33623238666463376435396332653863653364393831666239636539376461613734353663326564
38613535396637656539316364373065316138386430346232653130656364353039383062333865
63653237623634373633363161616566626461383466393138353161613539386330653733366335
66656462313963363762363037643632643537396533383664373232633232656166663339313430
37663865653332623363373465656564633162623333373036643633393233623137346162376363
37643865303464643731373438303561363264363333383434613163336465343434373632393733
36333535393064306438613664656335333239303931323030336666306365306262666430373161
30333032373738396338343031383735666265336633373932623334613037386165356234333637
30323836616135323261633363383038323436613866356432383866353937626138636131383365
38376263333033646632393963646439623730663061386163636336373666393831373730346663
65653463353463346336653564373731633563366665386564343762343835323433333732313062
64323837326530356238346539373039353930333138323737306234643932383633653438373239
61613030313039623939333365613435353031636236376165636538306466316333633932663837
61303566306536373063323331363736366539323366356434376436386464306637353065623038
63643733653965643061333733343763623436663565636132336663383538633036373366326435
63343037356265346163623239313966356661666561363766306362323237636534326566356139
31313864336563633533646635313631653265643738353337626333616532353065666132653139
63646330623430373435326664383831616661323465393535616434366165346665363266353236
63656230623433626239376461316237346663363634343161643135343732346466346533623638
37303638656163306564343735363864656532323133353838363663316563326533346261623536
32643232366638333433666634396565313536363462356531623863386562653038393764376535
35376533376138373537666338653737303634653437346136613836653731663766323731353534
63383230316533316661623333386539373165653566646462646630386535353831613432383437
37653636383332313061663934353039366462643833363934326133626637613965326166626535
66653438663363626336363661393839653130306363626436303139613332323661343736376635
34626239653932663739613762326237316238313031326439653734313532633565353037643063
31353338326465633136643831383630623135366437363231643531656335653763626635643261
39613339336539356138366462343938616236316434323937333434313964313066373232303938
30333735396365666266656231363130303734303639303739323663316534353438326561666463
37643832356331613366383765366139366632366639613635393363616539653261613537633833
35303162343439303934386536316337663365316436353663363538363238336531363839303337
33333663346531306331633566316138336134623438626531326663323430353135376433353737
30346462376431643564313166653765633362376333353531343837303536323264313232643834
37316261316535323464363733613839386234383166666565313363366232663138336235363866
30383938653533656334333766393266663731616436626363343766656232383762336132316636
31306137373333303865363964633163356561393362366462303234626634653032313236306338
34623666396334623462303261356664336562646563303634326430623935363734303363633063
63613937396436383936636636376366323062303136636635373834626166346439366436666331
65613939383833316233663333613961616536373432613066613461643538343063373433323835
63656335646265393865383362373935313366656233326466346634386662653831376661616435
63363464383839623961383263303538653131313064366431386166333833306639643764333534
65633633653235376335383732343231376231343234343066646532386364313139323131626563
35636266313566643736633131316165653061633934376162643938636264383330366233633265
61663561303464323363373263383566646565343237323839666338666534313636396665323236
32316261343138616638643637306666666136346130316137646465643866323830623937373936
62353338653561353038656562303837383739356161303933616635663631313938326438353831
32333833353036663236326666386166626661646338633063663535666238633564333862346162
64323135636139643562303162323939363738393539346561623362373862613837636330343934
38653830643463383036373731323832356635643334393438613634353434653839303830616233
65633562396434313139393637376336616634336233653536653862633038383230363232313465
37303462636234303364373061336336626631646633653436333832356638333036386361346464
33383162346163316437383663653236386165336262653639326231373636316461376536626237
66376334346162663166333563613663616135383265656537656636653063386432323938353038
62326136333838616539353431353332393763353832646536353037343963386131653530613761
65316262333234303266663937663561623538356534376337616364616663326463646664626164
61343666643539633539636462643833636434366435343462313065383264393435313861383930
31383335643139333930316266376537303163383439356533323036313833386337613734383133
61666666393066393132336237316365333339313336653535306437383661386435306234663133
35653530623538333062326166663930353033366565373731316431636563626535613032323135
35636131663236626536636333663965323232633033316364636265356366323264396266303133
34376466653932386534386337323861313162363762646566636535363230643538333466396236
31643337343439646336373435613039613237633539323664383037376131363437303135336539
63313439303562383733666136306564663439633866363636373332643361663765653031623735
36643434663865323661343731666239313330316561356163353833636330333835343432323966
31396666383663373262303035656538656632666263666239393135613061663935613432363137
30336662363630313531666165653137376561666266656131363736373130346630383264376537
31396664313533313362613831613036623462383330633261313064356163383063613964366138
34636161653632656430613366346437616537663538366665396531356437343133343130653832
62393864623131373038336334616561393062343135663063373932643538356535613563373639
65613663373363343964663162666661386132626161303338383063323132336330363538666262
66353639646461316337376630633935653563623364386431316134316137363538343635353935
62323031323137396635373833653539663565653734663136353435616235363436626431666365
61373563363561383430623163633632656430383663626261316565636337353237663864333066
62393837376633356165363932373731303635373233366136363762363538386536623433633733
35626262363461363162646334623636623830393236626261393035323639363332396365353338
38613932633761303065313131656162386331333662626130373662633230393936363134323533
35376138393062613066656633623439353435313535393764383866633634636262636432623934
61613136383931343834613963316330383233333739373235346635613665333631336438313464
30656531373066313462393333323037656364336232343235323663376237396635336336303139
34653637653866353732656439303636326330613165323431376430656137333135383031623434
34313034323164653064343961663133313335333637663134333663366433653030653039376565
39363936653261376633343161383632393637313035303835633265636638326161306531313530
31326632373039316234346233666562653332663666616531336361623636303436386239616530
64656463663132383464303662366133646261333562666364613031306230323935336164663361
61336264313265306338366535623862636330346434663432646431616335383663376536623638
37623032363939616566613762616266353534303965333936613862303039316431616434386539
34383337613962666336633963363966363163643734363539333932613061613833636137336534
66383035303935633161313333326139396333396131636161303563363563343636343437663835
63386263346638396432643533333431373864643132626635353864383532633232373166303333
61306631373362636632636235323431326334613735653530356263663032646265633366346437
61383030616630396664313833343463623864623566636232306533343961623965373266346132
34333061316638323366333130376263386365316565353039396363396263666236373334393161
39316263306165333039613830353461316630373761393264623966343564396132396361326134
37633634626131363433646565363136376461636636303261386262653730373938626464313665
33653362396432643635343465376430333433326339663837396564383432386638303061306364
33663763333266373935353633306165646333666662353065303439636637346436323532663963
36313061363838306662643437336466343536336332616631646563326164383366623866383934
35393636633933386466386634356166303963303230633861363238613539626337343532636638
62353964383464616438613837643864306366633164653230383465366233343264633865386531
66656635613363616666353138346463313862666437353862666661653735386433336433363932
61333334363733663466396435373663646531396232646366303938313538623139333833353663
64643331306233386131393165393662633962376664393832623961366161616238633264636632
35393363633636633534396563383032396531656262663935363133376538326538373239396365
30393033623661393131303337653634633832333330663564306333616463616530623665653936
31636234323430383738336538666464343236356338653462373239343463613539323736366364
62666631356362376666663564313764353037653134336335646165663566646538663535643733
63643232326138323334643365313033633333623162303565353239323132616239653163646534
33616130663362656535363761616566666535663566373931613137656565363834316532366436
63393865316531656566613333343365343766623462323036393564613466343961336362313239
37646366663938326138636439613939643333313831336637666138313664313731666236306131
32623164623863353036356335623363376465393962656238393332653062653966326565623731
36386365356361626262623966396464383463623361303266376237666637313233663938613062
30373264623331623336666139653534323530323632353463656436343964313131393563623662
37396132643532653338663266373930346232646133326266653132323732333233343363636566
66393433336332303561393863366361356139366631323535303066373935346337316265626235
32303163373862386639303836316565383034353131633164313963643966393465336564366439
32313962663032393939326532333064623834633637653762643361356163653035623563336462
61386263393662386162653136363032636133356137386233616232636136393462346336333534
64643866626464343837623139646230663739373436336633623135363962363263313366666434
62663638353639616330646166623164386539313061303030666533666133653035313937376562
34616661663363336662343961306264666530343163303433383538313364323332643232636330
34633635653130326365643834366131323732323965353331613939393930633034613035363665
39383862666536353837353039383530353964323261393039316264373732366536623431636631
30646135346666313635366662656664626338313838333139613563306236616332363436663165
62313830386232376361656465633836363464623665353062333135363537363732323666323265
33383764343231646433363836366564636133653832646161303639643461373139313936656265
33666439363830333239356265383734313832366337333934363061373163663833376431653263
31363331383462316562366364383265303765383237643132623766343530346232623231626661
39633737383932623731616362363330353736316536613363313630633261333533393838636561
61373939383937393963333362303032363838383732653837663631373863303863336530343535
66383765386433343534653930303131313431666130626134303766633935656137383337393361
63396234373138376137656664336164393035396133396231313063623765303662663431633164
66656164306138613837376231303339393164643530643631373535616564393133366234316635
33383934323362313932343866356237356162633064323830626263363565663661373432353136
65366136623434383032383638336263326332303564346563326638353934653035393635613535
38633733393763373863373938633162393938316461316661333565353364613730616532336662
38316136616430653866336336343535376131376163383666613832636462656263343431323236
32373661306262356461346336313631363539376661366430646333353836303862386462333133
38663761313534316364663337343033393532393662616634373634666633383836623963303436
65656239306663646261353666646166366162373533326361303663356237343430366233326161
37626565343563396663623363663764343763383563366632363337323437666465396264396336
31636632386562653535353535376233666330323763353534643537626537396133353763336262
61616133633331343561623639323332613335303236633461363432336433313237346237636564
37303166656466636231646435343335323836313331363831613431623862626362313534633439
36366331653234316436306366303334313763386561356632383030623562613662306134613437
61376233396531363033336532326537663363326339373164386165666632353333613264316636
34303637323531323562343939643437313037616561346565306231656266653662653663316633
31366461373135613362643030303139376631326661303363636363633834353835306239376561
39663435666465373733653937653964346566343566366538353337323063303234643530653334
33616133663130343235363864636466393630376137616434323031646361613561313563323539
61613066333066636161316130373730356233653636393533313930653165383264656465343462
30326462363136383035393633666566393334373231656538346365663463333430396232646639
66613335373331636339666432333463356139306334303233343637303330643238666364393336
36643036336134626533376538663530356335343762663466323466313536653631376631386636
36393766626639303864643833376436326465386439313865663938346161616565346138343465
33653830643032336436613763636665616231393333663962666133656135326433346232346332
65383339626333373335656333393665303566303731363233396364623364646239303530623766
33306230616130643838373531643630633633363532316565353330613433303963373765653339
63386662363361643430326639613637303331663665376637373966643733646162313835303039
35616337633333386238653366633863333433626638333361363130646234326439303833313734
30386239303366613434626461316433323463656662623334336661353737636639653161643064
39616366386466623563393430333235636231663235653236336432393162326466616532383836
66303935323531353362353764616330636136356461643738346630356431393766646562343262
34633462356137646162393031303266663438653531623933353964373262353335393065663531
61613837366464363034653733393235623134393839623362393232346138633131373236303836
39326637396166333431646238393533323632336633376238636361353637363636663031663533
65656431633765636236376338313237636330316436653464373562333663326631356538383037
30626162633237383833613962353638323139393631633463643637356564353637666564393531
36616433386233656263336331353936366230333564613932346631366466376263643834373738
39326365373736313833346664646235616661626430643231343762353534333861663135333632
39313730356438313735663934303234346265643239613437656335346431383765336235623935
33343938646162366631613839633662303766653231396235663233363930623065656364613037
34323439613936353534623762616633303130333866363032323664636662366538636339326666
61636365633033316635353037653461613438353838323632393262616531346462393038613665
32663865333730313735626562626262663333363535666136363065623938313335316237653030
65373739323134393530653233653034316364316561303936353938353338316564373730336335
63363937366435313631373433613864623365646235343438626566323138353834366564363134
38653763376532366634613530386362653337636539656130373161643430623939633138376631
65623838353639393531313337636364656164386163666630613233653361663164663331646162
63366364336433633163656237373233353561323064373932646134393934643932346630323561
64626638663935616162366235313061343065623763613262613265313661633661643861356538
30396331356339383032663765626666616566393338373064623936616466343230396664333630
37373333383561656261313165613235643566316638643261393737373866356334613932366233
66306162656534303632366362333238313332333631336666376536383462386263333432336531
31353232303132663230383333386437313037653635623265623031383535323562376264323731
66356535646437333833363238396333393961643037396435656161663531393934653332326432
32313336323163313537383438376364643762386266373035633862353866383830366137623066
39666561333266623931626166376532613537356539633232363738636137303764386439616136
38626231313366363538646361663734393936383861313536373132613663386464613433616637
30396534373532616635636432306433303562636339376530336236326362346631363061396539
33363135663466666237343935386538323935323238633935393634333966663737393035373266
64363837653039623262613361666562323734613062346235363864373739376531396432616631
36643066356139373830313965333833356466306336346165616239383032633566623061363566
32663637653830356461323265666166656363666533306433366464653365653165343033356266
64303533656235346463383431393666356136383062643936323935326666616365323438356536
35313335326336313462613963366365376135323436656630633433376465623234373239326666
32363137366435646534616365623361363432623338356230343630306633343437393166353036
66636537626131376634353365363164356134363634636537616237656163393930616530353734
61643935373266316538313533613464363439663030663562333533373264366635656466323233
65303930396366396161333532306163363838316462613166346337613963663336353437376138
61353464353233396365666138633534346239376236303961316134643263363532383436333538
63663462336530613730393261343463303732623432373737363563303430373239393233313466
65363630643637393438313939326133343362633534363036333638343430323830366234323265
37353838343565643230643738326364313066343636383834626162343861663536373937363062
61373664336337303865356531353432383238646535636462623932616534393035313033376439
38376532346630313866613331383236653464613264613239326339643133383238376334306230
65363836323231326164613033353566306266333266373838373736396661383962356364396231
37353932373363636530313361636232333765356434663438383838666235383530306537663765
39373262336339366366383565633034633734303363626237653135633635396366316531373235
37643363363862626336383463313966336564373161333461613934376161663037643331306565
61393638616133336335393766376635356638323438623163343265616564326231656234663336
66356430636532653864653363643136363531643563306338643831323438376537643966313364
35643364346266623331353532373635313032613938356230346132373462613561383961386232
33653065383038386431323637356561613062373138626633366563643961663166373261383535
31626230346433636363326334336666303433613766666432613738636365626332366636336338
32323665653161373863333936346532346163323762303764323431363037383831386430353939
65646638653131626562623163663030636361386632383665626530663536346638373334616336
64353331633266666431366532393335636338346430363763323834346332653365326561313534
63396666636635323763373239353532373232633761623938633065363965353539613762313664
63343464666531316663393266343663643038653532333033636334366433363839316633633337
36356638663961656337646361363061356639656565396262336663396534323231386261643135
61626138383736613336383864663866656438656562353866353533333332313938633834373437
65396539396636353761376164303037396539336133613666666366366363643665663861323832
31363361653237373434656335366132326261356336363131366538383432656232303666613866
35353439306437386561633231323031663637353033653963366231333739656562396238353939
38313663323062663062663731353433356564363731316432613566383761326361613839386233
38366562616234363331633630653133373963323965393465333833336431653462613031323030
37306537303432383264373631613932613130373638663731666537616431396265343864356366
62386164646638393939303733663435386339646336313035633337366438303035626265363661
32333633313436313136363935336230633266353164373037336331633939336562646465323962
33356664646161353336663930323366656536353739663532333864613332356263346530626131
35393038386134353036656333373761393734333630363333653239386565333539646336353034
64356637663635333536383261343430333539666335616535386135623562633732626230663035
35326431636238323033353239353766313139626230643831646365323432376134613238613136
66643035376562336661393234376161336638633561386639633463303636646437306362383366
66623230333535653262633337333038366339386436326230316235643439623635343330363334
65616261323761633164346134393264346561376261366561636132636239386464303934343863
64353463323131383938323361366436623433363036313539653739306335656662333333646533
62303465366634333138353931376266303261393335333338383037373434373663636434633364
34313134376264613532333439336564613835646530353937623736383563333735373363663265
39323832373231313936643837316461626362353133383439396132636634623639643430643661
64613532653461326635366232383739353465653766326436303064333265316430
